13 12
89   1 108 138 171   139  15 110 114 172  68   4
-1   2   3   5   7    10  11  12  13  14  15  16
 0   1   0   0   0     0   0   0   0   0   0   0
 1   0   0   0   2    -1   0   0  -1   0   0   0
 1   2   2   0   0     0  -1   0  -1   0   0   0
 1   0   0   2   0     0  -1   0   0  -1   0   0
 1   1   0   0   1     0  -1   0   0   0  -1   0
 1   0   1   0   0     0  -1   0   0   0   0  -1
 1   0   0   0   0     0   1  -1   0  -1   0   0
 0   0   0   0   0     0   0  -1   0   0  -1   0
 0   0   1   0   0     0   0   0  -1  -1   0   0
 0   4   0   0   0     0   0   0  -1   0  -1   0
 0   0   2   1   0     0   0   0   0  -1   0  -1
 1   0   1   0   0    -1   0   0   1  -1   0   0
 0   0   0   0   0     0   0  -1   1   0   0  -1

 -3   0  10  13   130    10   -39     0   -49 [-1, 7, 7, 1]    10     13 
 -2   0  11  13   143    10   -26     0   -36 [-1, 2, 2, 3, 3, 1]    11     13 
 -2   1  11  14   154    10   -13    -2   -25 [-1, 5, 5, 1]    11     14 
 -2   2  11  15   165    10     0    -4   -14 [-1, 2, 7, 1]    11     15 
 -2   3  11  16   176    10    13    -6    -3 [-1, 3, 1]    11     16 
 -1   1  12  14   168    10     0    -1   -11 [-1, 11, 1]    12     14 
 -1   2  12  15   180    10    13    -2     1 [1]    12     15 
  0   1  13  14   182    10    13     0     3 [3, 1]    13     14 
  0   2  13  15   195    10    26     0    16 [2, 2, 2, 2, 1]    13     15 
  1   3  14  16   224    10    52     3    45 [3, 3, 5, 1]    14     16 
 -3   1  10  14   140    10   -26    -3   -39 [-1, 3, 13, 1]    10     14 
 -1   3  12  16   192    10    26    -3    13 [13, 1]    12     16 

 -3  -2  10  11   110    10   -65     6   -69 [-1, 3, 23]    10     11 
 -3  -1  10  12   120    10   -52     3   -59 [-1, 59]    10     12 
 -3   2  10  15   150    10   -13    -6   -29 [-1, 29]    10     15 
 -3   3  10  16   160    10     0    -9   -19 [-1, 19]    10     16 
 -2  -1  11  12   132    10   -39     2   -47 [-1, 47]    11     12 
 -1   0  12  13   156    10   -13     0   -23 [-1, 23]    12     13 

  0   3  13  16   208    10    39     0    29 [29]    13     16 
  1   2  14  15   210    10    39     2    31 [31]    14     15 
  2   3  15  16   240    10    65     6    61 [61]    15     16 
