PRIME,H,J,FB   1019     32      5 [2, 3, 5, 7, 11, 13]
 -5  -4  27  28   756     5  -288    20  -263 [-1, 263]
 -5  -3  27  29   783     5  -256    15  -236 [-1, 2, 2, 59]
 -5  -2  27  30   810     5  -224    10  -209 [-1, 11, 19]
 -5  -1  27  31   837     5  -192     5  -182 [-1, 2, 7, 13, 1]
 -5   0  27  32   864     5  -160     0  -155 [-1, 5, 31]
 -5   1  27  33   891     5  -128    -5  -128 [-1, 2, 2, 2, 2, 2, 2, 2, 1]
 -5   2  27  34   918     5   -96   -10  -101 [-1, 101]
 -5   3  27  35   945     5   -64   -15   -74 [-1, 2, 37]
 -5   4  27  36   972     5   -32   -20   -47 [-1, 47]
 -5   5  27  37   999     5     0   -25   -20 [-1, 2, 2, 5, 1]
 -4  -3  28  29   812     5  -224    12  -207 [-1, 3, 3, 23]
 -4  -2  28  30   840     5  -192     8  -179 [-1, 179]
 -4  -1  28  31   868     5  -160     4  -151 [-1, 151]
 -4   0  28  32   896     5  -128     0  -123 [-1, 3, 41]
 -4   1  28  33   924     5   -96    -4   -95 [-1, 5, 19]
 -4   2  28  34   952     5   -64    -8   -67 [-1, 67]
 -4   3  28  35   980     5   -32   -12   -39 [-1, 3, 13, 1]
 -4   4  28  36  1008     5     0   -16   -11 [-1, 11, 1]
 -4   5  28  37  1036     5    32   -20    17 [17]
 -3  -2  29  30   870     5  -160     6  -149 [-1, 149]
 -3  -1  29  31   899     5  -128     3  -120 [-1, 2, 2, 2, 3, 5, 1]
 -3   0  29  32   928     5   -96     0   -91 [-1, 7, 13, 1]
 -3   1  29  33   957     5   -64    -3   -62 [-1, 2, 31]
 -3   2  29  34   986     5   -32    -6   -33 [-1, 3, 11, 1]
 -3   3  29  35  1015     5     0    -9    -4 [-1, 2, 2, 1]
 -3   4  29  36  1044     5    32   -12    25 [5, 5, 1]
 -3   5  29  37  1073     5    64   -15    54 [2, 3, 3, 3, 1]
 -2  -1  30  31   930     5   -96     2   -89 [-1, 89]
 -2   0  30  32   960     5   -64     0   -59 [-1, 59]
 -2   1  30  33   990     5   -32    -2   -29 [-1, 29]
 -2   2  30  34  1020     5     0    -4     1 [1]
 -2   3  30  35  1050     5    32    -6    31 [31]
 -2   4  30  36  1080     5    64    -8    61 [61]
 -2   5  30  37  1110     5    96   -10    91 [7, 13, 1]
 -1   0  31  32   992     5   -32     0   -27 [-1, 3, 3, 3, 1]
 -1   1  31  33  1023     5     0    -1     4 [2, 2, 1]
 -1   2  31  34  1054     5    32    -2    35 [5, 7, 1]
 -1   3  31  35  1085     5    64    -3    66 [2, 3, 11, 1]
 -1   4  31  36  1116     5    96    -4    97 [97]
 -1   5  31  37  1147     5   128    -5   128 [2, 2, 2, 2, 2, 2, 2, 1]
  0   1  32  33  1056     5    32     0    37 [37]
  0   2  32  34  1088     5    64     0    69 [3, 23]
  0   3  32  35  1120     5    96     0   101 [101]
  0   4  32  36  1152     5   128     0   133 [7, 19]
  0   5  32  37  1184     5   160     0   165 [3, 5, 11, 1]
  1   2  33  34  1122     5    96     2   103 [103]
  1   3  33  35  1155     5   128     3   136 [2, 2, 2, 17]
  1   4  33  36  1188     5   160     4   169 [13, 13, 1]
  1   5  33  37  1221     5   192     5   202 [2, 101]
  2   3  34  35  1190     5   160     6   171 [3, 3, 19]
  2   4  34  36  1224     5   192     8   205 [5, 41]
  2   5  34  37  1258     5   224    10   239 [239]
  3   4  35  36  1260     5   224    12   241 [241]
  3   5  35  37  1295     5   256    15   276 [2, 2, 3, 23]
  4   5  36  37  1332     5   288    20   313 [313]
