 -5  -2  27  30   810     5  -224    10  -209 [-1, 11, 19]
 -5  -1  27  31   837     5  -192     5  -182 [-1, 2, 7, 13, 1]
 -5   0  27  32   864     5  -160     0  -155 [-1, 5, 31]
 -5   1  27  33   891     5  -128    -5  -128 [-1, 2, 2, 2, 2, 2, 2, 2, 1]
 -5   3  27  35   945     5   -64   -15   -74 [-1, 2, 37]
 -5   5  27  37   999     5     0   -25   -20 [-1, 2, 2, 5, 1]
 -4   3  28  35   980     5   -32   -12   -39 [-1, 3, 13, 1]
 -4   4  28  36  1008     5     0   -16   -11 [-1, 11, 1]
 -3  -1  29  31   899     5  -128     3  -120 [-1, 2, 2, 2, 3, 5, 1]
 -3   0  29  32   928     5   -96     0   -91 [-1, 7, 13, 1]
 -3   1  29  33   957     5   -64    -3   -62 [-1, 2, 31]
 -3   2  29  34   986     5   -32    -6   -33 [-1, 3, 11, 1]
 -3   3  29  35  1015     5     0    -9    -4 [-1, 2, 2, 1]
 -3   4  29  36  1044     5    32   -12    25 [5, 5, 1]
 -3   5  29  37  1073     5    64   -15    54 [2, 3, 3, 3, 1]
 -2   1  30  33   990     5   -32    -2   -29 [-1, 29]
 -2   5  30  37  1110     5    96   -10    91 [7, 13, 1]
 -1   0  31  32   992     5   -32     0   -27 [-1, 3, 3, 3, 1]
 -1   1  31  33  1023     5     0    -1     4 [2, 2, 1]
 -1   2  31  34  1054     5    32    -2    35 [5, 7, 1]
 -1   3  31  35  1085     5    64    -3    66 [2, 3, 11, 1]
 -1   5  31  37  1147     5   128    -5   128 [2, 2, 2, 2, 2, 2, 2, 1]
  0   1  32  33  1056     5    32     0    37 [37]
  0   5  32  37  1184     5   160     0   165 [3, 5, 11, 1]
  1   4  33  36  1188     5   160     4   169 [13, 13, 1]
