8545504949
8546254657
8547534571
8550984881
8551714981
8552455069
8553755279
8556926113
8558036593
8562039221
8563140041
8564411059
8566292743
8568184523
8569876253
8571167827
8573800943
8575493093
8578247663
8580661741
8581944223
8584679869
8585952611
8586513773
8588929051
8590783351
8592467341
8594312057
8596016279
8597319769
8599897217
8601020429
8603848571
8608201369
8609315161
8611181477
8613541003
8614655143
8617274819
8618740939
8621643707
8623290881
8627056741
8627971039
8631918697
8632843187
8634511349
8637315059
8638641373
8641416103
8642341109
8642894159
8644000307
8645699201
8651310581
8654650673
8656732627
8657648641
8659701419
8661744601
8663043143
8665277879
8668449169
8669184437
8672175049
8673111563
8674410961
8676877723
8680232599
8688406687
8689525651
8691027539
8693113657
8693850029
8695533923
8696844817
8698327709
8702222099
8705429521
8707315889
8708072437
8709364711
8710121351
8712371903
8714450593
8720207147
8721874013
8723388397
8724883357
8726944019
8729723309
8731612261
8736570917
8737309249
8740483859
8741586743
8743880039
8745549317
8747199323
8748341471
8749627141
8751680963
8752237601
8755183837
8756479639
8758947797
8761732247
8763950303
8770482373
8772346313
8773653151
8775142583
8776622287
8779690223
8782102909
8783775667
8785265963
8786025907
8789056123
8794896053
8795454047
8796387337
8798254061
8799562843
8800506149
8803633231
8805530219
8806869013
8808380921
8811770909
8814351289
8816739059
8818770997
8822761483
8824438057
8826520363
8828612753
8830136401
8833762799
8834871467
8835989999
8837118419
8838256727
8842984057
8844865537
8848020367
8851669861
8855608471
8857317661
8858273779
8861499533
8867285179
8869323377
8871227257
8872561051
8876881297
8878012321
8880969841
8881714181
8882865197
8885137913
8886259637
8889326521
8890458337
8894861111
8896757827
8899419383
8899990457
8902787771
8903552611
8904307747
8906728049
8907289619
8910553429
8914446679
8916316163
8919010063
8921626171
8924620603
8927693843
8929564759
8932444753
8933753779
8935266643
8937963143
8939117459
8941426211
8943104717
8944957981
8949062797
8951159443
8954741557
8956226857
8957731829
8960528183
8961470209
8962237637
8963937419
8965870999
8969145569
8971429157
8974412521
8977629923
8979914627
8982160427
8984766031
8987012263
8987780807
8990776279
8994860827
8995240327
8995999351
8997722221
8998101781
8999824831
9001333343
9004905313
9008187911
9009492301
9011186551
9012910861
9014255407
9018949997
9019525007
9024740561
9026436311
9029633149
9030013381
9031554293
9033465673
9037318733
9038264779
9039620981
9040186703
9042995729
9044157113
9045699097
9049230479
9050392331
9052626659
9054901091
9057711989
9060162403
9065033807
9066176771
9068473019
9070223117
9073231693
9075302843
9077590139
9078754127
9079320977
9080485049
9082195931
9083555881
9085462801
9087967271
9089121731
9092856259
9093795001
9094558177
9098219099
9100478939
9103191607
9104336971
9107009767
9110034559
9110808527
9111562303
9116538467
9117684671
9119399057
9126142807
9128592353
9131228257
9133552933
9135444869
9139384931
9142777079
9143924939
9145651973
9147978737
9150410383
9151558723
9153855619
9158233193
9159402521
9161866279
9163418879
9166554967
9167911153
9169972627
9173007619
9173950381
9175276459
9176053307
9179503367
9180073313
9181213253
9184114703
9186602317
9187929319
9189080011
9190614379
9194522483
9195673583
9197385053
9201243349
9203546461
9205642591
9210124409
9213383719
9213767803
9215294051
9217932127
9220373153
9221328619
9223042417
9225202243
9227851727
9230780957
9233046773
9235302449
9235884419
9238035577
9241133129
9241912717
9244646573
9248807401
9253913057
9257752501
9258512321
9260280671
9264881543
9268181089
9270066521
9272626903
9275177257
9276688357
9278833511
9281582347
9283748029
9286269283
9286654879
9288552811
9289532029
9291460429
9292409611
9293962619
9296287331
9298374121
9300293357
9302639033
9304350623
9305518643
9306478609
9309556877
9311675371
9314317711
9317071739
9319221361
9321330871
9322489867
9325016401
9328127969
9329307497
9329882207
9330665263
9332003029
9337237123
9338188693
9340717279
9346905823
9348443231
9350387779
9352322479
9355270021
9356252599
9359140621
9362059099
9366288319
9369316223
9370697029
9372991009
9373765801
9375524311
9377441459
9378206347
9381366979
9383911373
9386186969
9389129819
9392559263
9394855871
9396397183
9399051643
9400026569
9401807927
9405279827
9406632997
9409997819
9412347059
9413113387
9414487321
9417144601
9417921217
9420251257
9422341723
9425239753
9426803861
9429334363
9430878467
9433578391
9434565289
9437735737
9438503069
9442282327
9444016969
9448264549
9450229541
9452523149
9455087371
9458998739
9460355809
9461323763
9462691081
9463469569
9465835429
9468530521
9470067833
9472035049
9472813921
9475310147
9476079043
9479994779
9482162881
9486598783
9487947697
9492255737
