We have

  i     p-1     q-1   Pi   Qi   ai  -1   2   3   5  13  17  19
  0       1       0    0    1 1000   0   0   0   0   0   0   0   0
  1    1000       1 1000    9  222   1   0   2   0   0   0   0   0
  2  222001     222  998  445    4   0   0   0   1   0   0   0  89
  3  889004     889  782  873    2   1   0   2   0   0   0   0  97
  4 1000000    2000  964   81   24   0   0   4   0   0   0   0   0
  5  888788   48889  980  489    4   1   0   1   0   0   0   0 163
  6  555116  197556  976   97   20   0   0   0   0   0   0   0  97
  7  991009  999982  964  729    2   1   0   6   0   0   0   0   0
  8  537116  197502  494 1037    1   0   0   0   0   0   1   0  61
  9  528116  197475  543  680    2   1   3   0   1   0   1   0   0
 10  593339  592452  817  489    3   0   0   1   0   0   0   0 163
 11  308115  974822  650 1181    1   1   0   0   0   0   0   0 1181
 12  901454  567265  531  608    2   0   5   0   0   0   0   1   0
 13  111005  109334  685  873    1   1   0   2   0   0   0   0  97
 14   12450  676599  188 1105    1   0   0   0   1   1   1   0   0
 15  123455  785933  917  144   13   1   4   2   0   0   0   0   0
 16  617356  893638  955  611    3   0   0   0   0   1   0   0  47
 17  975514  466820  878  375    5   1   0   1   3   0   0   0   0
 18  494881  227711  997   16  124   0   4   0   0   0   0   0   0
 19  340200  702732  987 1615    1   1   0   0   1   0   1   1   0
 20  835081  930443  628  375    4   0   0   1   3   0   0   0   0
 21  680497  424468  872  639    2   1   0   2   0   0   0   0  71
 22  196057  779370  406 1307    1   0   0   0   0   0   0   0 1307
 23  876554  203829  901  144   13   1   4   2   0   0   0   0   0
 24  591160  429120  971  397    4   0   0   0   0   0   0   0 397
 25  241167  920300  617 1560    1   1   3   1   1   1   0   0   0

We get rid of row 0 because it's not really there.
We get rid of 2, 3, 5, 6, 8, 10, 11, 13, 20, 25, 26, 28 because
they didn't factor over the factor base, and we mod down the exponents
modulo 2.  

  i     p-1     q-1   Pi   Qi   ai  -1   2   3   5  13  17  19
  1    1000       1 1000    9  222   1   0   0   0   0   0   0   0
  4 1000000    2000  964   81   24   0   0   0   0   0   0   0   0
  7  991009  999982  964  729    2   1   0   0   0   0   0   0   0
  9  528116  197475  543  680    2   1   1   0   1   0   1   0   0
 12  901454  567265  531  608    2   0   1   0   0   0   0   1   0
 14   12450  676599  188 1105    1   0   0   0   1   1   1   0   0
 15  123455  785933  917  144   13   1   0   0   0   0   0   0   0
 17  975514  466820  878  375    5   1   0   1   1   0   0   0   0
 18  494881  227711  997   16  124   0   0   0   0   0   0   0   0
 19  340200  702732  987 1615    1   1   0   0   1   0   1   1   0
 20  835081  930443  628  375    4   0   0   1   1   0   0   0   0
 23  876554  203829  901  144   13   1   0   0   0   0   0   0   0
 25  241167  920300  617 1560    1   1   1   1   1   1   0   0   0

We will ignore rows 4, 18 because in real life we would not
get perfect squares.  We similarly ignore rows 1, 7, 15, 23, because
they a minus a perfect square, so any pair of those does give a
perfect square.

And now let's sort rows to get an upper triangular matrix so we
can see better what we have.

  i     p-1     q-1   Pi   Qi   ai  -1   2   3   5  13  17  19
 25  241167  920300  617 1560    1   1   1   1   1   1   0   0   0
  9  528116  197475  543  680    2   1   1   0   1   0   1   0   0
 17  975514  466820  878  375    5   1   0   1   1   0   0   0   0
 19  340200  702732  987 1615    1   1   0   0   1   0   1   1   0
 12  901454  567265  531  608    2   0   1   0   0   0   0   1   0
 20  835081  930443  628  375    4   0   0   1   1   0   0   0   0
 14   12450  676599  188 1105    1   0   0   0   1   1   1   0   0

And this we can row reduce.
Ignoring the plus or minus perfect squares, we get two products that
are squares:

  9  528116  197475  543  680    2   1   1   0   1   0   1   0   0
 19  340200  702732  987 1615    1   1   0   0   1   0   1   1   0
 12  901454  567265  531  608    2   0   1   0   0   0   0   1   0

and

 25  241167  920300  617 1560    1   1   1   1   1   1   0   0   0
  9  528116  197475  543  680    2   1   1   0   1   0   1   0   0
 20  835081  930443  628  375    4   0   0   1   1   0   0   0   0
 14   12450  676599  188 1105    1   0   0   0   1   1   1   0   0
